lncRNAs	GS-like group	GU-like group	logFC	pValue	fdr
PROSER2-AS1	0.762283045	0.372883908	-1.031600251	5.26E-11	4.06E-08
LINC00887	0.46938736	0.802808407	0.774276731	0.002739281	0.014592746
LINC01614	0.502626327	1.31596525	1.388563247	0.012151603	0.040629737
AC104794.5	1.451116917	0.854221283	-0.764482014	0.002162634	0.012309608
AC244502.3	1.926367148	0.884239783	-1.123373144	4.69E-07	3.71E-05
AC025419.1	0.479841584	0.964525664	1.007261438	0.000706245	0.005858628
AL133371.2	0.649637476	0.424296365	-0.614562542	0.00019817	0.002730232
DIRC3	0.592300071	0.383349859	-0.627666608	3.02E-05	0.000924463
LINC00310	0.797451148	0.516858419	-0.625626999	9.24E-07	5.75E-05
HAGLROS	0.583466212	0.89614229	0.619078709	0.013621145	0.044350862
AC097504.2	0.852139193	0.550374831	-0.630674612	2.05E-07	2.23E-05
AC100812.1	0.602981653	0.370232985	-0.703680673	6.32E-09	1.38E-06
AC234775.3	2.603045391	1.49372483	-0.801286066	5.39E-05	0.001419322
AC104574.2	0.783427278	0.26275127	-1.576101626	5.06E-08	8.12E-06
AC022028.2	0.504560514	0.327069196	-0.62543142	0.007086521	0.02792923
LINC02446	0.540328026	0.274516525	-0.976942514	0.007354576	0.028661457
BNC2-AS1	1.499801562	0.996580545	-0.589713315	5.10E-06	0.000206614
LINC02195	1.999439468	1.227419074	-0.703967697	5.90E-07	4.28E-05
AC010205.1	3.468986631	2.276636608	-0.607610251	0.000447837	0.004429503
AC019171.1	0.514660782	0.296246783	-0.796822365	3.34E-12	5.81E-09
AC147067.2	1.101762857	0.728037941	-0.597728189	6.84E-05	0.001453177
AL355916.2	0.734537423	0.418973108	-0.809978349	0.000206234	0.002752225
LINC01857	0.786573168	0.389946012	-1.012306574	0.000226754	0.002904447
MIR155HG	0.78672688	0.513115185	-0.616580157	0.004227802	0.019535363
AL137026.1	2.406509845	1.548456711	-0.636111275	0.002762065	0.014669261
AC026116.1	0.740690233	0.345289214	-1.101065047	5.06E-05	0.00135532
AL121820.2	1.299952998	0.813741565	-0.675816873	3.95E-06	0.000163658
AC044849.1	0.494347942	0.328707596	-0.588722032	2.68E-06	0.000136451
LINC01871	1.864486546	0.973412262	-0.937655533	1.34E-06	7.81E-05
AC243960.1	0.679722359	0.393137579	-0.789911305	0.001409599	0.009554561
LINC01480	0.577121694	0.318988904	-0.855369322	0.007389655	0.028733881
AC244502.1	1.888067307	0.911759691	-1.050184662	1.16E-07	1.44E-05
AL034374.1	0.652235139	0.376966746	-0.790954904	1.38E-05	0.000499665
AC023490.6	2.68691923	1.312106955	-1.03406763	0.00528511	0.02262079
LINC01444	0.786440863	1.220471053	0.634027888	0.004807802	0.021419928
AL355607.1	1.011330618	0.673231518	-0.587080087	0.010845962	0.037487433
AL133304.2	1.265755083	0.704787145	-0.844738763	0.000207315	0.002752225
NFIA-AS2	0.717281715	0.473765173	-0.598367707	1.90E-05	0.000649692
AC116036.2	0.686338605	0.446471268	-0.620353168	6.84E-08	9.94E-06
FOXD2-AS1	0.501090606	0.838686294	0.74305979	1.38E-09	4.00E-07
AC005082.1	0.920540185	0.606072225	-0.602990974	3.93E-07	3.54E-05
PCED1B-AS1	1.971628768	1.260369883	-0.64554075	0.00021171	0.002752225
AC004585.1	0.776117026	0.369102729	-1.072251799	0.006545964	0.026518765
