id	LINC01614	AL034374.1	LINC01444	FOXD2-AS1	riskScore	risk
TCGA-BJ-A18Y	0.1019569	0.4822486	0.2719868	0.2040763	0.292518389	low
TCGA-EM-A4FF	0.9962498	0.2038928	0.4739185	0.5937731	0.49473566	low
TCGA-FY-A3I5	0.2415611	0.3895112	1.267505	0.3516416	0.581280618	low
TCGA-CE-A483	0.2167483	0.2050407	1.42976	0.5653943	0.690557811	low
TCGA-BJ-A45E	0.2150818	0.05086605	0.6259266	0.8554579	0.551094987	low
TCGA-EL-A3CV	6.049063	0.292498	0.2072325	0.8014736	1.825135792	high
TCGA-EL-A3D5	0.06297502	0.6329679	0	0.6505829	0.545797892	low
TCGA-J8-A3YE	0.1590296	0.02686422	0.628092	0.6395591	0.394242904	low
TCGA-EM-A3AK	0.2214839	0.3809465	0.2734489	0.4108194	0.356086573	low
TCGA-E3-A3E5	0.1072481	0.475571	0.429153	0.5816789	0.533887644	low
TCGA-MK-A84Z	0.03497434	0.9098433	1.492797	0.4064773	1.223600781	high
TCGA-EM-A4FK	0.05136724	0.3340746	5.045217	0.6036317	6.177620584	high
TCGA-DJ-A3UU	0.5449345	0.5523215	0.8181009	0.3686057	0.592343512	low
TCGA-BJ-A0Z2	0.06569092	0.6602656	3.074689	1.060375	5.55588094	high
TCGA-BJ-A0YZ	0.1353255	0.8321034	0.8795344	1.104437	2.122097892	high
TCGA-DJ-A2PZ	3.149477	0.348056	0.3854668	0.387703	0.657679414	low
TCGA-EL-A3H7	3.586080225	0.254891905	1.340159754	0.495985901	1.287944609	high
TCGA-ET-A3DS	0.07078828	1.116078	0.3204547	0.2132959	0.617587997	low
TCGA-EM-A3AQ	0	0.1541542	1.239326	0.5656457	0.559939216	low
TCGA-ET-A3BQ	0.1674072	0.2419462	0.2255486	0.437167	0.303855676	low
TCGA-EM-A3AO	0.1062525	0.9423126	0.4767049	0.3430233	0.667703954	low
TCGA-DJ-A3V2	0.1439054	0.5348059	0.3589633	0.4619263	0.468912745	low
TCGA-BJ-A0Z3	0.1835882	0.4124705	0.676748	0.5832091	0.581876662	low
TCGA-BJ-A4O8	2.771808	0.4498684	0.751288	0.5193607	1.002225574	high
TCGA-FY-A3WA	0.04002242	1.419773	0.8832492	0.1395441	1.070191359	high
TCGA-EL-A3ZH	0.04566067	0.6749113	2.336486	0.2417522	1.204301397	high
TCGA-GE-A2C6	4.175671	0.3414336	0.3878283	0.8088386	1.450354608	high
TCGA-MK-A4N6	2.055778	0.05653302	0.9159533	1.092761	1.335709805	high
TCGA-EL-A4JZ	8.751095206	0.852189091	0.099871604	1.369383393	12.4983927	high
TCGA-ET-A3DP	0.1398606	0.4725217	0.3682557	0.2734939	0.338719225	low
TCGA-DJ-A13M	0.02916374	1.103539	0.6082473	0.2862208	0.784257991	high
TCGA-DE-A4MA	0	0.2580297	1.834535	1.033216	1.673220369	high
TCGA-EL-A3N3	0.3024542	0.1300533	0.2800624	0.6320207	0.371646766	low
TCGA-DJ-A3VJ	0.5692583	0.1553394	0.1486732	0.6559464	0.388433339	low
TCGA-J8-A42S	0.5750852	0.4636553	3.195057	0.5671046	2.690002135	high
TCGA-DJ-A2PW	0.3500797	0.3863653	0.3056384	0.5002972	0.424004047	low
TCGA-DO-A1K0	0.3590994	0.1819836	0.12441	1.013567	0.617967865	low
TCGA-DJ-A1QH	2.161191	0.0655274	0.215024	0.7680817	0.595513767	low
TCGA-FY-A3NN	0.1706393	0.2594287	0.2601192	0.2140594	0.232558778	low
TCGA-DE-A4MC	0.5323795	0.1259058	0.3511792	1.22098	0.909337553	high
TCGA-J8-A3YG	0.673999	0.1021784	0.3269097	0.8837597	0.565689834	low
TCGA-EM-A22K	0.02360483	0.3628597	0.7556374	0.4755212	0.479385834	low
TCGA-ET-A2N0	0.0269695	0.7016006	1.465073	0.4806138	1.053418173	high
TCGA-EL-A3CP	0.3884516	0.3062246	1.293753	0.5618227	0.739964704	high
TCGA-FE-A3PD	0.1087603	0.2829356	0.6224737	0.2921313	0.321594999	low
TCGA-KS-A4IB	0.1515215	0.1791714	0.01469849	0.954857	0.511304138	low
TCGA-BJ-A45G	0.02456985	0.9587624	0.6792756	0.3426657	0.748623163	high
TCGA-BJ-A28W	0	1.194694	0.1837646	0.9350259	1.663072156	high
TCGA-EL-A4JW	0.4897303	0.3185034	0.890752	0.7083035	0.748051002	high
TCGA-DJ-A4V5	0.333272312	0.363773933	0.584416255	0.523066995	0.496942809	low
TCGA-DJ-A4UP	0.156455478	3.669280674	0.35413276	0.30305844	12.86933527	high
TCGA-EL-A3ZM	0.9619383	0.09680634	0.5062769	0.6871745	0.504153395	low
TCGA-DJ-A2PQ	0.04010036	0.1422538	0.7001955	0.2899884	0.28172634	low
TCGA-EL-A4K4	3.038012	0.1282998	0.715713	0.5828665	0.789613064	high
TCGA-EL-A3D4	0.2090713	0.5650813	0.3621638	0.3856922	0.44369858	low
TCGA-EL-A3D1	0	0.5592881	0.3823476	0.3461092	0.40391407	low
TCGA-DJ-A4V0	0.103388828	0.733532417	0.338490071	0.387182715	0.518693783	low
TCGA-EL-A3T7	0.1660473	0.2552522	0.837594	0.6904495	0.616046978	low
TCGA-BJ-A45D	0.02364004	0.4472626	3.038523	0.35412	1.605332919	high
TCGA-ET-A3DO	1.007904	0.1362089	1.215175	0.3495612	0.497617949	low
TCGA-J8-A4HY	0.2185179	0.4198894	0.9406412	0.9453143	1.128451572	high
TCGA-BJ-A28T	0.6237098	1.81029	0.1375081	0.3661038	1.690217382	high
TCGA-DJ-A2Q2	0.6133848	0.4662748	0.2337579	0.3168381	0.365974217	low
TCGA-DJ-A3UO	0.2968087	0.1619865	0.4318833	0.8196385	0.542510385	low
TCGA-EL-A3T1	0.9165652	0.02125141	0.496863	0.4223854	0.316814598	low
TCGA-E8-A438	0.207877	0.5223478	0.1386365	0.7113718	0.583920828	low
TCGA-ET-A40Q	0.8495883	0.3348742	0.4120758	0.8174596	0.730569899	low
TCGA-L6-A4EU	0.4551021	0.1862827	1.655536	1.871588	4.874954724	high
TCGA-ET-A3DW	0.06787815	0.2675489	0.7901504	1.040167	0.964190256	high
TCGA-EM-A1YA	0	0.3507948	0.04111111	0.4487649	0.303763473	low
TCGA-4C-A93U	3.688994	0.1454056	2.654088	0.9289384	4.413516232	high
TCGA-BJ-A3PU	0.1793475	0.2120751	0.6586302	0.4036467	0.358606666	low
TCGA-EL-A3CR	11.56233	0.4021248	0.3608137	0.9771039	9.205127093	high
TCGA-DE-A3KN	0.164437442	0.444444056	0.706419876	0.345821407	0.440551399	low
TCGA-DJ-A1QN	0.1981505	0.1622142	0.2809338	0.7518991	0.4448079	low
TCGA-EM-A4FO	0.2864879	0.4619545	0.4926593	1.029151	1.047846922	high
TCGA-DJ-A2PN	0.2227631	0.5531679	1.545069	0.4142381	0.886699115	high
TCGA-FY-A4B4	0.253620289	0.163582562	0.905826194	0.32155807	0.353882503	low
TCGA-BJ-A28V	0	0.4817273	1.521479	0.3577339	0.712557043	low
TCGA-ET-A2N3	0.08214157	1.748356	0.2656075	0.8061595	2.768294127	high
TCGA-EM-A2CO	0.05081947	0.2704189	0.5299527	0.2428154	0.277863715	low
TCGA-IM-A3U3	0.6577959	0.1885652	0.2320369	0.8700381	0.578141161	low
TCGA-DJ-A4UL	0	0.6484758	0.4479858	0.8870886	0.975869858	high
TCGA-DE-A69J	0.1436736	0.2760736	0.3048763	0.4638328	0.340764001	low
TCGA-EM-A2CS	0.6517749	0.4644305	0.13278825	0.82217235	0.697656043	low
TCGA-FK-A3SG	0.3091616	0.365578	0.2699148	0.4418214	0.37133938	low
TCGA-EM-A2OY	0.07429588	0.2049916	0.2882858	0.1023382	0.186683132	low
TCGA-EM-A3AI	0.02442441	0.20217	0.3080109	0.574037	0.356450318	low
TCGA-DE-A2OL	0.1384557	0.3683731	0.9149894	1.010192	1.128407401	high
TCGA-EL-A4KG	0.646916391	0.208627317	0.988862943	0.729073062	0.742922502	high
TCGA-IM-A420	0.2886887	0.02625916	1.152494	0.6136836	0.524409449	low
TCGA-ET-A3BS	0.2486429	0.2138296	0.1425264	0.7355771	0.431106799	low
TCGA-E8-A418	0.2875552	0.08500721	0.2440776	1.434281	1.041518941	high
TCGA-ET-A3DQ	0.059565605	1.091746232	3.351367805	0.215376312	3.291730761	high
TCGA-EM-A3AN	0.3624521	0.3571608	0.507867	0.2132241	0.310336449	low
TCGA-EM-A22I	0.1390701	0.05481595	0.4272033	0.4429845	0.276134482	low
TCGA-EM-A3FQ	0.23566825	0.55141355	0.4708167	0.33144185	0.433388702	low
TCGA-DO-A2HM	1.956224669	0.117124049	1.873634118	0.799421819	1.600009629	high
TCGA-BJ-A28R	0.2914332	0.1419	0.6735093	0.3320669	0.310035224	low
TCGA-FE-A238	0.1626501	0.2884961	0.4437571	0.8296515	0.620656667	low
TCGA-EL-A4JV	0.1376422	1.627594	1.281803	0.3554888	2.324492552	high
TCGA-EL-A3CX	0.05658175	0.7359758	0	0.1607472	0.311847396	low
TCGA-BJ-A0ZJ	0.03018828	1.10661	0.4685511	0.530178	1.018346501	high
TCGA-ET-A40S	0.1264984	0.1495821	0.1994054	0.8739432	0.488113937	low
TCGA-EL-A3GQ	0.8146081	0.8756902	0.3831363	0.5610374	0.92183496	high
TCGA-FY-A3YR	1.425284	0.3497944	0.4434791	0.2708723	0.402426627	low
TCGA-CE-A485	2.897097	0.4320784	0.797534	0.6066762	1.167489927	high
TCGA-DJ-A2Q1	0.6530769	0.4576306	0.4692768	0.5497403	0.574793642	low
TCGA-EM-A2P3	4.214491	0.3243737	0.5684927	0.5152557	1.059650973	high
TCGA-EL-A4K2	0.06938483	1.367438	0.4374984	0.2329605	0.899117817	high
TCGA-DJ-A1QM	1.791942	2.77092	1.195075	0.3649042	11.54007915	high
TCGA-E8-A417	0.1791779	0.09416647	0.3283139	0.8278318	0.467826576	low
TCGA-BJ-A0ZE	0	0.4476806	3.507323	0.3324506	2.017682941	high
TCGA-EM-A3FR	0	0.5857262	2.516936	0.2619532	1.227294526	high
TCGA-CE-A13K	0.02839084	0.2014299	0.1101633	0.344628	0.232608301	low
TCGA-ET-A3DV	0.3141023	0.7180791	2.884475	0.346126	2.101066719	high
TCGA-E8-A44M	0.2313247	0.3077294	0.2384238	0.6870593	0.471285627	low
TCGA-ET-A39I	0.02164578	1.203	0.8819035	0.1341711	0.828285221	high
TCGA-EM-A4FU	0.07805547	0.9460665	1.845638	0.7005393	2.350263974	high
TCGA-BJ-A0ZC	0.08551319	0.8426482	0.4147646	0.2061314	0.475307066	low
TCGA-FE-A239	0.08919514	0.5009902	1.146451	0.9387353	1.33808119	high
TCGA-EL-A3ZS	0.41977	0.5584166	1.03073	0.8131056	1.206823716	high
TCGA-EM-A1CU	0.5517245	0.2372379	0.8149725	0.9326881	0.902774719	high
TCGA-H2-A26U	0.622560533	0.245388823	1.006534993	0.761067225	0.813067102	high
TCGA-FY-A40L	1.36809	0.1742184	0.3879302	0.9404201	0.794978963	high
TCGA-EL-A3CL	0.110975	0.1968388	0.6055447	0.4012615	0.336141021	low
TCGA-EM-A3FJ	0.4270163	1.615805	0.3106735	0.5624565	1.880681965	high
TCGA-BJ-A3EZ	1.144031	0.2181928	0.9039324	0.9388292	1.061793084	high
TCGA-EL-A3H1	0.1120088	0.6092626	7.714524	0.4397139	30.43191843	high
TCGA-EL-A3T0	0.07086095	1.228946	0.06873936	0.5063352	0.911636384	high
TCGA-DJ-A13O	0.05907782	1.397169	1.482871	0.350935	1.96173345	high
TCGA-EM-A22M	0.2793155	0.2831018	0.2709527	0.8965831	0.629296758	low
TCGA-EL-A3MY	7.232907	0.05517923	0.7695355	0.849659	2.629006657	high
TCGA-DJ-A2PT	1.145437	0.1504954	0.2098825	0.499628	0.364199312	low
TCGA-DJ-A13L	2.428057837	0.410162012	0.785120498	0.459869703	0.836795518	high
TCGA-EM-A1CS	0.1905832	0.3004816	0.05135476	0.5687872	0.354566883	low
TCGA-DJ-A3VD	3.989633504	0.275707918	0.942414789	0.675784147	1.471552063	high
TCGA-FE-A231	0.1551396	0.2853663	0.02508245	0.8458787	0.499266007	low
TCGA-BJ-A0ZH	0.1302152	0.2822913	0.1263165	0.5773271	0.361926476	low
TCGA-EL-A3ZQ	0	0.2673242	0.6396305	0.2043554	0.276293733	low
TCGA-EM-A3FP	0.02488078	0.8826319	0.3861735	0.4498174	0.675631183	low
TCGA-EL-A3GW	0.06511545	0.2566595	2.021308	0.3419535	0.726156534	low
TCGA-DJ-A3UK	0.3634625	0.4870929	0.6699028	0.5694874	0.642682313	low
TCGA-FY-A3R8	0.7656546	0.1468172	0.3613285	0.3527357	0.297646106	low
TCGA-EL-A4K6	0.02377499	0.6747238	4.01299	1.971059	33.19814838	high
TCGA-J8-A3O2	1.26369905	0.5079465	2.294424	0.8988004	3.116176122	high
TCGA-E8-A2EA	0.763195068	0.466791849	1.991272534	0.876802162	2.190188994	high
TCGA-ET-A40T	0.8607977	0.6885643	0.4052329	0.6734941	0.891203587	high
TCGA-E8-A413	4.859623	1.283463	0.502521	0.3886338	2.89654624	high
TCGA-EM-A2CP	0.05875671	0.9379629	0.783716	0.493191	0.960904864	high
TCGA-IM-A4EB	0.3902804	0.4285352	2.717774	0.4319906	1.579487756	high
TCGA-ET-A39S	0.2253317	2.427661	0.1700107	0.4720379	3.669700562	high
TCGA-BJ-A2N9	0	0.05641551	0.4743801	0.1848288	0.193309114	low
TCGA-EM-A1YE	0	0.8009794	1.68138	0.3498898	1.104774776	high
TCGA-ET-A39K	0.02540102	0.8109787	0.2587254	0.5313866	0.649272151	low
TCGA-KS-A4I5	0.1483666	0.1754408	0.4029886	0.5517889	0.363202247	low
TCGA-DJ-A13U	0.3997657	0.2780681	1.003709	0.406917	0.493386224	low
TCGA-FK-A3SH	0.1503979	0.3048732	1.115054	0.5881984	0.659034248	low
TCGA-ET-A3BN	0.2325445	0.05499593	0.857212	0.2582551	0.278036951	low
TCGA-EL-A3CU	3.061419	0	0.3745643	1.168202	1.269651479	high
TCGA-EM-A3SY	0.04832419	0.1428562	0.04687735	0.05616314	0.141871582	low
TCGA-J8-A3O0	0.1136547	0.4300628	0.6945869	0.2465705	0.37159004	low
TCGA-H2-A3RI	0.2232101	0.2419467	0.8480647	0.3699113	0.39741386	low
TCGA-FE-A22Z	4.387201641	0.075185303	0.770987011	0.936025553	1.659802977	high
TCGA-EM-A2CN	0	1.392265	3.712011	1.900561	56.81867965	high
TCGA-E8-A434	0.6564633	2.40907	1.41635	0.6547942	10.18776365	high
TCGA-DJ-A1QF	0.1981958	0.2008825	0.4325891	0.2998159	0.271468319	low
TCGA-BJ-A2NA	0.1494874	0.2020184	1.087588	0.5680912	0.562069424	low
TCGA-DJ-A1QE	2.358211	0.1290991	0.6778092	0.5921375	0.678642527	low
TCGA-FE-A236	0.1361156	0.1149673	0.8488303	0.9140197	0.7155706	low
TCGA-FK-A3SE	0.2856964	0.6756616	0.5369639	0.4104395	0.582925538	low
TCGA-EL-A3GR	1.089745	0.6277814	0.9486958	0.2237157	0.637879444	low
TCGA-BJ-A45H	0.2184545	0.8487608	0.5751951	0.4594225	0.763348122	high
TCGA-EL-A4KI	0.3714934	0.5068664	13.05651	2.70124	12906.78223	high
TCGA-EM-A1YD	0.1381715	2.679518	0.7774006	0.1356052	4.232965425	high
TCGA-ET-A2MY	0.3557696	0.1201975	0.5176768	0.3150333	0.274508331	low
TCGA-DJ-A3V5	1.995731	0.1966596	0.7058256	0.9825536	1.179387673	high
TCGA-EM-A3FL	0	0.3092732	1.205147	0.07880775	0.334655978	low
TCGA-EM-A22O	0.1331562	0	0.4520932	1.152074	0.697947684	low
TCGA-ET-A25G	1.151397	0.1633807	0.2457233	0.3925304	0.325749417	low
TCGA-BJ-A45I	1.277544763	0.251778895	0.413098306	0.879871403	0.79415668	high
TCGA-EL-A3H2	0	1.417968	0.2136569	0.1769735	0.765860148	high
TCGA-DE-A69K	0.3493055	0.03442061	0.5082708	0.2556097	0.228125008	low
TCGA-KS-A4ID	0.1585511	0.4124644	3.060701	0.4995782	1.964802161	high
TCGA-DE-A0Y3	0.336422	0.1530049	2.259342	0.4344389	0.888271211	high
TCGA-EM-A1YB	0.07094826	0.1258425	3.922972	0.2565335	1.621023062	high
TCGA-L6-A4EQ	0.1228573	0.2905531	0.2979474	0.4442254	0.334358381	low
TCGA-EM-A1CT	0.2115535	0.550348	1.087664	0.5463797	0.818358544	high
TCGA-ET-A25O	0.1096277	0.1037062	0.06380729	0.4303665	0.232410098	low
TCGA-EL-A4K9	0.50662	0.2466754	1.777899	0.4387151	0.785736573	high
TCGA-EL-A3GX	0.1818855	0.05376906	0.9373364	0.7985852	0.60458488	low
TCGA-EL-A3ZK	0.4147992	0.05449916	2.805483	0.4642312	1.14400026	high
TCGA-EM-A3O8	0.07309986	0.2809276	0.03545562	0.2218343	0.207970332	low
TCGA-EL-A3ZN	0.3529364	1.380435	0.4213777	0.3926589	1.196182606	high
TCGA-DJ-A2QC	0.1137566	1.042492	0.1931137	0.5949438	0.903294196	high
TCGA-EM-A2CM	0.03287095	0.3886929	1.355188	1.358334	2.334102595	high
TCGA-BJ-A0Z5	0.1661483	0.4911683	0.1208803	0.7724008	0.601771285	low
TCGA-EL-A3CT	0.8218717	0.08330128	0.5808643	1.667796	1.939174895	high
TCGA-EM-A22N	0.01775246	0.1469437	2.281776	0.1604726	0.572719923	low
TCGA-J8-A3NZ	0.6149582	0.1755254	0.5554051	0.3888484	0.348957353	low
TCGA-BJ-A0ZB	0.504956	0.4133778	0.3296983	0.6671234	0.576014868	low
TCGA-J8-A3YF	1.667275	0.1666075	0.6947799	0.6125543	0.63509305	low
TCGA-ET-A3BU	0.1138407	0.2423061	0.6405072	0.4821872	0.403586104	low
TCGA-FK-A3S3	0.2302434	0.5445173	0.2903549	0.2913786	0.367353148	low
TCGA-DJ-A3VL	0	1.057595	4.846636	0.4699516	10.27437428	high
TCGA-DJ-A1QQ	0.6952641	0.255146	1.453551	0.2786369	0.552100744	low
TCGA-EM-A2OV	0.0475158	0	1.440411	0.2024866	0.322797291	low
TCGA-BJ-A291	0.07548369	0.2380216	0.8542765	0.1754567	0.294432761	low
TCGA-FK-A4UB	0.04945107	0.5262748	1.271218	0.6002717	0.918782619	high
TCGA-EL-A3H4	0.7058414	0.1043306	1.04846	0.4614414	0.478434959	low
TCGA-E8-A432	0.964768896	0.333899009	0.502181444	0.589502316	0.574665543	low
TCGA-EL-A3H3	0.074123609	0.262949444	0.155792735	0.465835418	0.305153118	low
TCGA-EL-A3T2	0.08577289	1.445304	1.404082	0.1550681	1.521698825	high
TCGA-FY-A3W9	0.05522511	0.7400971	1.330363	0.6988871	1.385888601	high
TCGA-BJ-A0ZA	0.1802277	1.552702	1.11143	0.1595913	1.496090247	high
TCGA-BJ-A28X	1.353487265	0.114319571	0.715096297	0.711615407	0.649535174	low
TCGA-ET-A39N	0.1021863	0.3927086	2.502952	1.214017	3.713542028	high
TCGA-E8-A437	0.2947949	0.4183075	1.143875	1.03546	1.452562817	high
TCGA-EM-A2OW	0.1532891	0.3927335	1.449822	0.1649584	0.490501875	low
TCGA-DJ-A2PU	0.1096024	0.362888	0.1594814	0.2321178	0.249930208	low
TCGA-ET-A3BW	0.1636719	0.3548215	0.330774	0.9299747	0.720868506	low
TCGA-FY-A4B3	2.354614	0.1892234	1.929302	0.4900438	1.272265072	high
TCGA-EL-A3GP	22.113	0.5247134	2.558807	0.9359375	319.5100962	high
TCGA-BJ-A190	0.04269983	0.5554094	2.371375	0.1543933	0.951180232	high
TCGA-DJ-A3VE	0.3883259	0.1836753	3.628871	0.3476825	1.77869208	high
TCGA-DJ-A3V4	0.4128218	0.341708	1.42164	0.7569991	1.088109698	high
TCGA-EL-A3MW	0.2101647	0.3313546	0.4870284	0.4161412	0.38147816	low
TCGA-FY-A76V	0.389964857	1.29953783	0.53304396	0.466957447	1.297940572	high
TCGA-MK-A4N9	0.1725331	0.4420373	0.4184185	0.6089888	0.53797056	low
TCGA-BJ-A0Z9	0.678811447	0.16053643	0.691412139	2.121333119	4.077372494	high
TCGA-DJ-A13T	0.1906926	0.4008721	0.133599	0.2353067	0.262696944	low
TCGA-DJ-A3V6	1.725085	0.06374629	0.5229486	0.7170378	0.600399059	low
TCGA-DJ-A3US	0.1169396	0.9679527	2.212049	0.537596	2.383602449	high
TCGA-DJ-A2Q9	7.283	0.6667366	0.2734818	0.8980172	4.282043109	high
TCGA-DJ-A4V2	0.194062	0.2007904	0.7294756	0.3571081	0.346642674	low
TCGA-ET-A4KN	0	0	2.975122	0.1871104	0.740062317	high
TCGA-BJ-A2N8	0.1499845	0.3040353	2.805954	0.1936826	0.98744071	high
TCGA-DJ-A3VG	0.2176563	0.7721239	2.016384	0.3372849	1.328124194	high
TCGA-BJ-A45J	0.09491022	0.3928036	0.5524116	0.251253	0.329818523	low
TCGA-H2-A422	0.2940226	0.02674434	1.755197	0.6717529	0.797914122	high
TCGA-EL-A3GS	0.1567991	0.1059498	2.281568	0.3528985	0.733965028	low
TCGA-EL-A3D6	0.5617638	0.1660688	0.7038866	0.7919324	0.64633164	low
TCGA-EM-A22L	0.06733652	0.4379331	0.146971	0.1434759	0.236917797	low
TCGA-EL-A4KD	0.1536876	0.9605874	2.140451	0.4706447	2.087040273	high
TCGA-EM-A3O7	0.04676984	0.2765224	0.2495325	0.3623777	0.281591499	low
TCGA-ET-A2N5	0.05425535	0.9944174	1.855241	0.2522257	1.339229466	high
TCGA-EL-A3ZL	1.422704	0.7476983	0.115009	0.8879848	1.224880775	high
TCGA-H2-A421	0.9778749	0.1686299	0.8596662	0.3525261	0.421850466	low
TCGA-ET-A3BP	0.1177476	0.3898564	0	0.5960499	0.389511035	low
TCGA-DJ-A13R	0	0.141572329	3.745520605	0.363325717	1.704467433	high
