id	LINC01614	AL034374.1	LINC01444	FOXD2-AS1	riskScore	risk
TCGA-DE-A7U5	3.873540237	0.095424805	1.095956744	0.708630916	1.336455471	high
TCGA-DJ-A3UY	2.17262	0.8221065	1.138088	0.5835679	1.822379937	high
TCGA-E8-A419	0.290637546	0.085918399	0.55212432	0.500420167	0.34280239	low
TCGA-CE-A484	0.1539461	1.21359	0.3733424	0.8150739	1.654872482	high
TCGA-E8-A415	0.1860153	0.7258671	0.2887136	0.5909193	0.673676552	low
TCGA-DJ-A3V8	0.5712247	0.3618551	1.939428	0.5690456	1.188085464	high
TCGA-EM-A4G1	0.09585625	0	1.828731	0.6354249	0.735958386	high
TCGA-DJ-A3UV	1.257389	1.102312	0.6414162	0.6214968	1.641689325	high
TCGA-DJ-A4UR	0.07383723	1.047734	1.020678	1.134662	3.013474158	high
TCGA-DJ-A2PP	0.1042725	0.1726205	1.051966	0.8671617	0.796898103	high
TCGA-J8-A4HW	0.286698891	0.404242631	0.642109061	1.173241652	1.302122655	high
TCGA-DJ-A3UQ	7.364322	0.3451412	1.034549	0.7364394	3.720423201	high
TCGA-E8-A44K	0.7257068	0.165026	0.7852074	0.4829887	0.457183943	low
TCGA-EL-A3ZO	3.695014	0.401502	1.559692	1.39278	6.044438717	high
TCGA-ET-A25L	1.99024514	0.261492062	0.589922961	0.613969605	0.71488932	low
TCGA-ET-A3BO	0.7378333	0.1125773	0.5887559	0.5593869	0.42989948	low
TCGA-IM-A3U2	1.049305	0.2532211	1.007502	0.8185431	0.972252505	high
TCGA-BJ-A4O9	0.06234649	0.1720217	0.5241585	1.55655	1.516656056	high
TCGA-DJ-A3UZ	0.1456473	1.779661	1.530604	0.2633145	2.798718282	high
TCGA-EM-A4FQ	0.5232586	0.142787	0.8590021	0.8004571	0.689309894	low
TCGA-FE-A232	0.4473444	0.8816276	0.3736799	0.8986113	1.359423396	high
TCGA-BJ-A191	0	0.1124527	6.780493	0.4093535	9.644293292	high
TCGA-E3-A3E0	0.1426351	0.9445151	0.2628927	0.6409882	0.901741711	high
TCGA-FY-A3ON	0.2783487	0.4114278	5.006526	0.6170488	7.048891757	high
TCGA-FY-A3R6	0.422975108	0.700224485	1.39505802	0.447891696	1.051227049	high
TCGA-KS-A41I	0.03822272	0.4519767	1.130889	1.076025	1.500099656	high
TCGA-EM-A3AR	0.6325122	1.215393	0.4473982	0.3199115	0.967357037	high
TCGA-IM-A3EB	0.2260363	0.07289558	0.7774073	0.4139562	0.335675877	low
TCGA-DJ-A3VM	0.1980913	0.1171197	0.9247719	1.112753	0.997091473	high
TCGA-DJ-A3UP	0.1607277	0.5430217	2.516922	0.3617403	1.388325958	high
TCGA-DJ-A3UM	0.1822315	0.2585825	0.8750386	0.5412472	0.51598564	low
TCGA-EM-A2P0	0.2733525	0.6170839	1.024514	0.2438868	0.568868229	low
TCGA-ET-A39T	0.3275401	0.1291034	1.91964	0.4088704	0.68863049	low
TCGA-EM-A3ST	0.03154713	0.1119117	4.253762	0.8880975	4.54554441	high
TCGA-FY-A3BL	0.05362152	0.2853291	2.158668	0.2562036	0.718109619	low
TCGA-EL-A4JX	0.253554664	0.049970627	0.84037429	0.731256097	0.527598103	low
TCGA-DJ-A13V	0.152264	0.2520691	0.6942143	0.4089826	0.383314811	low
TCGA-FE-A230	0.1068568	0	0.5701163	0.4323676	0.275303602	low
TCGA-EM-A3FN	0.05341164	1.294745	1.062156	0.2069195	1.130832219	high
TCGA-EM-A3AP	0.158702	0.7506487	0.3079008	0.4599763	0.581356546	low
TCGA-ET-A40R	0.1772488	1.440955	1.590463	0.3662248	2.292325747	high
TCGA-KS-A4I9	0.3947458	0.5001211	0.2324914	0.5024732	0.468390543	low
TCGA-EL-A4K7	0.264973	0.08952166	1.193399	1.006967	0.985303756	high
TCGA-ET-A39O	1.433307	0.1210614	0.6827826	0.6940885	0.638092517	low
TCGA-BJ-A0ZF	0.1000452	1.041054	3.289989	0.496103	4.459137048	high
TCGA-E8-A3X7	0.51142	0.1778661	0.7587534	0.6526531	0.551677939	low
TCGA-EL-A3TB	0.2563775	0.4134023	0.8252368	0.5236978	0.592335111	low
TCGA-BJ-A192	0.07499876	0.532108	0.6911563	0.2259827	0.401133593	low
TCGA-J8-A3YH	0.3366114	0.58770665	0.48630215	0.66060265	0.731988171	low
TCGA-EM-A3AL	0.2382861	0.5870186	0.2118891	0.4923376	0.487149894	low
TCGA-IM-A41Y	0.1929948	0.3260184	0.2808248	0.7476723	0.531230283	low
TCGA-DJ-A3VA	0.2297243	0.09877992	0.1620701	0.5609471	0.299848524	low
TCGA-BJ-A3PT	1.35484	0.6965535	0.3857113	0.6846158	1.002725303	high
TCGA-DJ-A1QI	0.4081577	0.2413195	0.4729252	0.6676282	0.504147588	low
TCGA-ET-A39L	0.08562191	1.392137	1.1732	0.2487779	1.432478636	high
TCGA-ET-A25K	0.20894752	0.49415326	0.101345803	0.314795388	0.320952736	low
TCGA-EM-A2P2	0.4216481	0.3490139	0.5419567	0.4138168	0.418346964	low
TCGA-L6-A4ET	0.1318111	0.6234569	0.600964	1.273204	1.80889143	high
TCGA-EL-A3H5	19.01182	0.2794616	1.35008	0.5425622	37.13674585	high
TCGA-EM-A1CW	0	0.3671251	3.248382	0.3608332	1.657023329	high
TCGA-EM-A2CT	0.1209328	0.2383347	3.617121	0.3852111	1.870019313	high
TCGA-BJ-A2N7	0.1316895	0.7786019	1.697206	0.2332215	0.951748371	high
TCGA-J8-A3YD	0.1810604	0.8564025	0.1756394	0.4075019	0.568375926	low
TCGA-KS-A41J	0.08976017	0.451094	0.5550887	0.6201286	0.585518086	low
TCGA-DJ-A3UW	0.2429611	0.2234533	0.5237485	0.5159414	0.3983974	low
TCGA-FY-A3RA	0.2202314	0.05787103	1.091926	0.9669467	0.842019433	high
TCGA-EM-A2CR	0	1.157331	0.05274594	1.291971	2.421849268	high
TCGA-ET-A40P	0.02660991	1.258629	0.1677858	0.7009998	1.290645331	high
TCGA-DJ-A13S	0.06020515	0.332227	0.3601494	0.5701373	0.425878553	low
TCGA-DJ-A2Q7	0.1248451	0.5694189	0.882353	0.723182	0.933263798	high
TCGA-ET-A4KQ	0.03583473	1.18647	0.321547	0.2313761	0.680772087	low
TCGA-DJ-A2Q4	0.2818177	0.1764234	0.8844648	0.3810515	0.387348932	low
TCGA-EL-A3ZR	0.04969613	1.263443	3.254055	0.6738391	7.094895196	high
TCGA-FY-A40K	0.2263286	0.3271026	0.1829602	0.2013413	0.238976849	low
TCGA-ET-A3BT	0.6402847	0.4151976	0.6511685	1.253585	1.594976091	high
TCGA-ET-A25R	2.785816	0.08034577	1.071076	0.596653	0.882261197	high
TCGA-DJ-A4V4	0.4857271	0.7770799	1.191819	0.8264865	1.745537222	high
TCGA-IM-A3ED	0.5913804	0.1812991	0.5524272	0.2941581	0.3062561	low
TCGA-DJ-A13P	0.1322399	0.807918	0.08552039	0.3927666	0.496206501	low
TCGA-L6-A4EP	0.1060168	0.3343013	0.2742471	1.259526	1.061211195	high
TCGA-EM-A2CU	0.09162906	0.3250491	0.4555391	0.7277006	0.557335178	low
TCGA-E3-A3E1	0.04088339	0.6042983	0.5254862	0.4909917	0.566984972	low
TCGA-EM-A2CL	0.05793854	0.7079498	3.119314	0.2394208	1.937992558	high
TCGA-KS-A4IC	0.05611015	0.2985715	1.4424	0.6955959	0.893570948	high
TCGA-DJ-A2Q6	1.757916	0.6795763	0.1311757	0.4321897	0.656097865	low
TCGA-EM-A4FH	0.042326	1.701691	0.09238221	0.1530417	0.961588716	high
TCGA-EM-A2OX	0.4977346	0.1548848	1.562852	0.7104081	0.911214513	high
TCGA-EM-A3FM	0.4028347	0.1754954	0.5553101	0.6954267	0.508813602	low
TCGA-E8-A242	0.4159029	0.1377033	0.4841409	0.8722126	0.599295129	low
TCGA-EM-A2OZ	0.07663208	0.1993553	0.4162911	0.676879	0.439839533	low
TCGA-EL-A3TA	0.1262666	2.687543	1.445337	0.5609075	11.13048856	high
TCGA-EL-A3GU	7.533655	0.3493494	0.7761867	0.9156323	4.289598063	high
TCGA-FY-A3NP	0	0.4070953	0.3339644	0.2876668	0.305561352	low
TCGA-EL-A3CZ	0	1.943113	1.021189	0.09946936	1.956415049	high
TCGA-CE-A481	0.628024659	0.44557662	0.70669697	0.49957622	0.601394183	low
TCGA-MK-A4N7	0.3348475	0.1237347	0.3045207	1.216141	0.841877749	high
TCGA-EL-A3CS	0.9997129	0.02883274	4.269403	1.675126	15.14707537	high
TCGA-EM-A3SU	0.469811	0.22009985	0.43740585	0.5782451	0.432257182	low
TCGA-CE-A482	0.231968	0.2194384	0.1462649	0.4253641	0.282628301	low
TCGA-H2-A2K9	0.1128819	0.5839782	2.737554	0.2040782	1.311021871	high
TCGA-EM-A22J	0.02210885	0.2091465	0.06434071	1.147721	0.690030389	low
TCGA-DJ-A2PO	0.2809062	0.3623634	0.2477235	0.5606114	0.427785065	low
TCGA-EM-A22P	0.9253637	0.6334991	0.1299242	0.7106924	0.765844445	high
TCGA-DJ-A3V7	0.1246763	0.09828498	2.529735	0.8103712	1.559478532	high
TCGA-DE-A4M8	0.2881184	0.511042	0.1746825	0.6697115	0.565025514	low
TCGA-DE-A4MD	0.3278615	0.3274208	2.006734	4.2425765	177.2633084	high
TCGA-KS-A41F	0	0.3913812	4.628805	0.5413924	4.73664699	high
TCGA-ET-A39J	0.3165424	0.3743056	0.2834447	0.3458801	0.331625074	low
TCGA-ET-A39M	0.03217732	0.3043927	0.1248557	0.4155221	0.290613874	low
TCGA-DE-A4MB	3.435328495	0.2734182	1.970645889	0.912836621	3.220821956	high
TCGA-BJ-A28S	0.09737681	0.5757315	0.425076	0.5616728	0.578879844	low
TCGA-BJ-A3PR	0	0.197423336	0.445384681	0.869585926	0.572299809	low
TCGA-E8-A414	2.235577	1.185882	0.3344169	0.6799088	2.023973123	high
TCGA-EM-A2P1	0.8000236	0.17292471	0.49466225	0.64287355	0.496138462	low
TCGA-EL-A3CM	2.464677	0.2820421	0.4498975	0.6981544	0.839685524	high
TCGA-EM-A3OB	0.04344653	0.4623726	3.687752	0.297355	2.182758449	high
TCGA-EM-A22Q	0	0.2862762	9.393974	0.4168444	51.34613996	high
TCGA-DJ-A2Q3	0.5224833	0.5752182	0.7602601	0.3396813	0.562762526	low
TCGA-FK-A3SB	0.1663698	0.4426407	0.1008679	0.3168916	0.300928735	low
TCGA-DJ-A2PY	4.29748	0.1465873	0.5812288	0.3094945	0.669697993	low
TCGA-EL-A3T9	24.11718	0.2465544	1.4945	0.9034978	187.884574	high
TCGA-KS-A4I1	0.03639715	0.2151948	0.3354205	0.8366268	0.528645513	low
TCGA-BJ-A45C	0	0.6994462	8.593916	0.3610895	48.34904625	high
TCGA-EL-A3GZ	0.3937346	0.5528809	0.9787369	0.5148052	0.76825868	high
TCGA-EM-A1YC	0.02252198	0.07989548	1.573032	0.09306809	0.32553962	low
TCGA-EM-A3O6	0.07119941	1.347072	0.9324138	0.2574416	1.200144706	high
TCGA-ET-A3DR	0.1091663	0.9896683	0.7589346	0.5450919	1.090449477	high
TCGA-DJ-A3VB	0.4042697	0.07354485	0.4826656	1.192693	0.863882992	high
TCGA-ET-A25P	0.2367448	0.6362417	0.5115079	0.4835944	0.60168629	low
TCGA-FE-A23A	0.3266507	0.08131759	1.41758	0.7148752	0.750214451	high
TCGA-DJ-A2Q5	0.3210875	0.12656	0.1245896	0.6136624	0.332107582	low
TCGA-EL-A3H8	0.357383	0.09752281	0.5466923	0.4615069	0.33286138	low
TCGA-EL-A3CO	1.037357	2.278076	1.078177	0.3827407	5.419182352	high
TCGA-DJ-A3UT	0	2.224775	1.845622	0.2183917	5.026013612	high
TCGA-DJ-A2PS	0.3631806	0.9249787	0.5013598	0.4978548	0.867567471	high
TCGA-DJ-A4UT	0.601615872	0.224652565	0.460739543	0.77689734	0.595046712	low
TCGA-EL-A3MX	0.09434439	0.6972533	0.7092777	2.077231	6.269435099	high
TCGA-E3-A3E3	0.2530981	0.2992839	0.8258411	0.4040913	0.441635979	low
TCGA-EL-A3T6	0.224439	0.1206341	0.9896329	0.4004917	0.391544942	low
TCGA-EL-A3MZ	2.661103	0.4179219	0.1310882	1.428262	2.330993093	high
TCGA-KS-A4I7	0.04322259	0.5622092	0.2725353	0.3907088	0.408888698	low
TCGA-ET-A25N	0.1490254	0.4405494	0.5059723	0.128296	0.289581599	low
TCGA-EL-A4K0	0.6572969	0.2690452	0.7234504	0.3395204	0.401662268	low
TCGA-EM-A3SZ	0.1664958	0.03937565	0.4845327	0.47301	0.29377036	low
TCGA-FE-A233	0.2640029	0.09932956	1.263032	0.6198554	0.607814183	low
TCGA-EL-A3N2	0.3233352	0.3058704	0.3241097	0.5622862	0.423738566	low
TCGA-DJ-A4UQ	0.674856884	0.306925366	0.490988691	0.824551509	0.72010631	low
TCGA-FE-A237	0.9797558	0.3585968	0.1131455	0.9037206	0.734482943	low
TCGA-ET-A39P	1.831503	0.3465151	0.2487335	1.091106	1.211786864	high
TCGA-DJ-A2PV	0.5803415	0.5489946	0.1576305	0.3897009	0.422575557	low
TCGA-QD-A8IV	0.07731889	0.8685677	0.4500237	0.23963	0.521822047	low
TCGA-ET-A3BX	0.1649613	0.1671975	0.9487041	0.572119	0.504369584	low
TCGA-ET-A3BV	3.203146	0.246352	0.517874	0.5447924	0.793193763	high
TCGA-ET-A39R	0.4589801	0.3256414	0.653016	0.52158	0.507022215	low
TCGA-EM-A3SX	0.1749244	0.3841406	0.02424102	0.3678761	0.290032995	low
TCGA-DJ-A3VI	0.2559445	0.07566242	2.182808	0.3635656	0.695483608	low
TCGA-EM-A3FK	0.09090745	0.1343705	0.3086498	0.3110926	0.233274578	low
TCGA-DJ-A1QD	0.4114433	0.2027184	0.4323851	0.2213824	0.255426378	low
TCGA-DJ-A2Q0	0.3705599	0.1685309	1.023093	0.2429424	0.349613368	low
TCGA-FY-A3R9	0	0.6458834	1.233286	0.102154	0.512972512	low
TCGA-BJ-A28Z	0.1433484	0.3051124	0.2920187	0.733048	0.506378245	low
TCGA-BJ-A2P4	0.09407025	1.297757	0.07604481	0.5021079	0.98825987	high
TCGA-EM-A4FV	0.5030961	0.3346324	1.250586	0.625311	0.83385557	high
TCGA-FY-A3NM	0	0.7862388	0.7708516	0.2136096	0.540434322	low
TCGA-DJ-A4UW	2.374242	1.328279	0.5448328	0.3890169	1.844751041	high
TCGA-DJ-A3UR	0.1429748	0.6762602	0.3005038	0.8616095	0.922482642	high
TCGA-FE-A3PB	2.447464	0.1913442	0.2158351	0.7731558	0.734489058	low
TCGA-DJ-A3V0	2.16637	0.3941066	0.5196038	1.088276	1.591413884	high
TCGA-DE-A0Y2	0.2386609	0.2257697	0.7292733	0.2527199	0.311697395	low
TCGA-DJ-A1QO	0.311776	0.3016387	1.512207	0.6002584	0.863227347	high
TCGA-EL-A4KH	0.1529162	0.6931459	0.1854224	0.8754439	0.900260068	high
TCGA-EM-A1CV	0.1317567	0.4451425	0.1825884	0.4132072	0.358103002	low
TCGA-EM-A3AJ	0.6584531	1.150987	1.930102	1.116473	6.222909486	high
TCGA-DE-A0XZ	0.2248123	0.1661477	0.1499309	0.3483739	0.239520941	low
TCGA-E8-A2JQ	1.025175	0.1564194	1.122801	1.007842	1.200837866	high
TCGA-CE-A27D	0.2409919	0.6310016	0.1085391	0.3645546	0.405361392	low
TCGA-FY-A4B0	0.4497808	0.7800579	2.108853	0.7512003	2.621083483	high
TCGA-BJ-A0Z0	0.05456463	1.290434	0.4763787	0.1197856	0.718755847	low
TCGA-EM-A4FM	3.468753	0.2983081	0.1682449	1.604432	3.14512598	high
TCGA-DJ-A3V3	0.2008353	0.6233958	0.4992321	0.8039816	0.908594212	high
TCGA-DJ-A13X	0.4462891	0.9762982	0.1731709	0.3803686	0.661974191	low
TCGA-EM-A3O3	0.4605966	0.8169706	0.6888263	2.716216	18.47371697	high
TCGA-E8-A416	0.1752348	4.221944	2.284217	0.2206324	63.47443965	high
TCGA-EL-A4K1	0.305071067	0.388490275	0.216261802	0.939428456	0.732954179	low
TCGA-E3-A3DY	0.3616122	0.2263764	0.5674471	0.4340059	0.375235148	low
TCGA-H2-A3RH	0.1908897	0.3762059	1.244784	0.3560636	0.562766767	low
TCGA-KS-A41L	0	1.727116	1.25807	0.4617764	2.884966019	high
TCGA-DJ-A3V9	0.4302013	0.601197	0.1612377	0.5353394	0.531629198	low
TCGA-EL-A3ZP	1.833136	0.4335299	1.829059	0.6019507	1.654508156	high
TCGA-BJ-A0ZG	0	2.856535	1.080561	0.1802396	6.325525922	high
TCGA-KS-A4I3	0.1256874	0.1857789	2.179398	1.265992	2.648275052	high
TCGA-FE-A235	0.2650779	0.7693766	0.05844123	0.9273451	1.004773295	high
TCGA-EL-A3ZG	0.1906842	0.5261214	0.05138198	1.411778	1.459384577	high
TCGA-EM-A4FN	0.1490966	0.4407599	0.1566853	0.3658184	0.330225465	low
TCGA-DO-A1JZ	0.1037783	0.153395	0.5159398	0.2479264	0.246087288	low
TCGA-EM-A3OA	0.03868362	0.2287134	5.015899	0.7659635	6.730279595	high
TCGA-EL-A3T8	0.1786278	0.3620985	0.5941017	0.5733827	0.517274242	low
TCGA-FE-A3PC	0.02803575	0.8619457	0.7071052	0.6661535	1.065185844	high
TCGA-CE-A3ME	0.2882595	0.1859245	0.4702852	1.008444	0.737200283	high
TCGA-DJ-A2QA	0	1.329737	1.002889	0.6183407	1.982342465	high
TCGA-EL-A3D0	1.037788	0.1952309	0.1372796	0.9320128	0.651910874	low
TCGA-EL-A3CW	0.1701514	4.345941	1.006848	0.3164044	40.63106876	high
TCGA-DJ-A3VF	5.442125337	0.134066956	0.724055224	0.668607069	1.494423724	high
TCGA-DJ-A2PX	0.04426319	0.4972339	0.8050865	0.3715356	0.499106046	low
TCGA-FY-A3I4	0.780496607	1.517695592	1.186167898	0.425555743	2.456051913	high
TCGA-DJ-A3UN	0.2159669	0.6242547	0.3724459	0.5081979	0.565494525	low
TCGA-E8-A433	0.5007645	0.4528167	0.7000825	0.5705848	0.648416693	low
TCGA-DE-A4M9	0.7415631	0.2360844	2.130414	0.6629666	1.354130088	high
TCGA-E8-A436	0.379228943	0.764971049	0.584271714	0.639513736	0.925554352	high
TCGA-EM-A4FR	0	0.6617206	0.07916543	0.6142476	0.553186379	low
TCGA-DJ-A13W	0	0.725009298	0.22303804	0.942194228	1.011535571	high
TCGA-FE-A3PA	0.1748745	0.6979025	0.04240969	0.9936274	0.987503819	high
TCGA-DJ-A1QL	0.1006038	0.2676647	2.293404	0.8119674	1.64820209	high
TCGA-DJ-A1QG	0.08685179	0.5648536	0.2527543	0.8075244	0.72664731	low
TCGA-EL-A3GV	0.5263993	0.3678158	0.2785303	0.2533674	0.302164147	low
TCGA-FY-A40N	0.02690686	0.254535	1.513874	0.173731	0.428810738	low
TCGA-EL-A3CN	0.4516859	0.05622214	0.6572435	0.4175093	0.324600606	low
TCGA-BJ-A290	1.903946	0.4712194	0.5905918	0.9320048	1.377986368	high
TCGA-ET-A2MZ	0.1347426	0.5917995	0.009336312	0.3330857	0.343489767	low
TCGA-EL-A3GO	0.07879088	1.832319	0	1.288791	5.091680936	high
TCGA-BJ-A45F	0.05281733	0.2185944	0.4483148	0.2796435	0.263507694	low
TCGA-FY-A40M	0.04595356	0.1086785	1.916841	1.091896	1.621245372	high
TCGA-FY-A3R7	0.3103443	1.516836	1.214245	0.5877863	2.821345066	high
TCGA-FY-A2QD	0	1.676216	0.05189056	0.1036157	0.845701886	high
TCGA-ET-A25I	0.03075481	0.3818536	0.8353523	0.2382916	0.370002156	low
TCGA-FE-A234	0.2499128	0.204589	0.2237819	0.5113954	0.328040658	low
TCGA-BJ-A18Z	1.785374	0.5170218	0.4241436	0.291722	0.533762502	low
TCGA-EM-A2CK	0	0.9340635	0.3575916	0.3400205	0.602516241	low
TCGA-E3-A3E2	0.05223865	0.8647975	0.1393552	0.4587174	0.587068131	low
TCGA-EM-A2CQ	0.1318564	0.2227396	12.06909	0.1410832	150.794145	high
TCGA-IM-A41Z	0.05497157	0.06500288	0.18664	0.7666661	0.374380197	low
TCGA-CE-A3MD	0.406396	0.3203706	1.747746	0.398848	0.777921504	high
TCGA-DJ-A2QB	0.09679278	0.4005949	0.4107897	0.287485	0.323162951	low
TCGA-FK-A3SD	0.06278528	1.014647	2.700143	0.2324232	2.145542529	high
TCGA-FY-A3TY	2.233956	1.509492	0.3955764	0.5586479	2.551339081	high
TCGA-EL-A3GY	0.1924808	0.2069137	0.2715897	0.4157736	0.292588582	low
TCGA-EL-A3CY	3.087554116	0.219607603	0.405353555	0.647531705	0.812254178	high
TCGA-J8-A3O1	0.1671037	0	2.583479	0.6150003	1.109343623	high
TCGA-EM-A3FO	0.02300227	0	2.39871	0.2495137	0.58649704	low
TCGA-ET-A2MX	0.1461431	0.05760387	2.764468	0.2075943	0.74440179	high
TCGA-EL-A3ZT	0.3980174	0.4706483	4.414418	0.3769188	3.983372833	high
TCGA-BJ-A3F0	0.04990991	1.534457	1.089351	0.3287012	1.777442961	high
TCGA-DJ-A3UX	0.1101486	1.198288	0.9509717	0.3868943	1.235806971	high
TCGA-ET-A2N4	0.1015192	0.7202678	0.04923986	0.2490842	0.359090804	low
TCGA-BJ-A45K	0.07319908	0.3750785	0.650902	0.3844046	0.4085273	low
TCGA-E3-A3DZ	0.1039711	0.3995679	1.046404	0.4497819	0.577401414	low
TCGA-ET-A25M	3.104171	0.2878922	0.6199596	0.9274743	1.459827614	high
TCGA-ET-A3DU	0.40806415	0.22270542	0.502420761	0.737735745	0.552776049	low
TCGA-DJ-A3VK	0.1492471	1.382442	1.03758	0.3147929	1.457554865	high
TCGA-DJ-A2PR	0.1408705	0.2776281	0.3416322	0.3213802	0.286241093	low
TCGA-EL-A3T3	0.2755516	0.1481067	1.409408	0.2846671	0.440485109	low
TCGA-EM-A2CJ	0.1024213	0.4238895	2.024353	0.1719404	0.700414954	low
